0 0.310937 0.986719 0.128125 0.026562
0 0.643750 0.982031 0.150000 0.020313
0 0.491406 0.983594 0.101562 0.032813
0 0.899219 0.976562 0.201563 0.046875
0 0.635938 0.938281 0.231250 0.023438
0 0.417187 0.921094 0.153125 0.035937
0 0.532031 0.888281 0.145313 0.010937
0 0.485156 0.853125 0.226562 0.053125
0 0.096094 0.794531 0.082812 0.020313
0 0.934375 0.769531 0.131250 0.014063
0 0.903125 0.726562 0.193750 0.018750
0 0.873437 0.692969 0.128125 0.032813
0 0.110156 0.669531 0.076563 0.017188
0 0.900000 0.667969 0.090625 0.017188
0 0.046094 0.664844 0.092188 0.017188
0 0.094531 0.642188 0.189062 0.025000
0 0.082812 0.620313 0.165625 0.018750
0 0.106250 0.537500 0.212500 0.093750
0 0.911719 0.488281 0.176563 0.048438
0 0.926562 0.403906 0.131250 0.010937
0 0.071094 0.309375 0.142187 0.015625
0 0.339062 0.296875 0.121875 0.021875
0 0.067969 0.281250 0.135937 0.037500
0 0.918750 0.194531 0.162500 0.020313
0 0.500000 0.196094 1.000000 0.170313
0 0.350781 0.060937 0.220312 0.018750
