0 0.407813 0.956250 0.234375 0.021875
0 0.753906 0.967969 0.492188 0.064062
0 0.624219 0.915625 0.142187 0.015625
0 0.507031 0.897656 0.145313 0.020313
0 0.488281 0.873437 0.226562 0.028125
0 0.564063 0.846094 0.075000 0.017188
0 0.959375 0.779687 0.081250 0.034375
0 0.926562 0.757031 0.103125 0.023438
0 0.933594 0.645312 0.114062 0.012500
0 0.933594 0.625000 0.132812 0.028125
0 0.923438 0.577344 0.153125 0.026562
0 0.863281 0.568750 0.092188 0.040625
0 0.468750 0.120313 0.146875 0.021875
0 0.550000 0.102344 0.137500 0.017188
0 0.553906 0.057031 0.420312 0.032813
0 0.601562 0.041406 0.228125 0.020313
0 0.571094 0.023438 0.132812 0.015625
0 0.242969 0.026562 0.485938 0.053125
