0 0.762500 0.982812 0.475000 0.034375
0 0.467187 0.905469 0.187500 0.035937
0 0.139844 0.717187 0.098437 0.037500
0 0.945312 0.621094 0.109375 0.017188
0 0.921094 0.600000 0.157812 0.009375
0 0.900781 0.551562 0.198437 0.021875
0 0.101562 0.747656 0.203125 0.504687
0 0.827344 0.507031 0.073438 0.026562
0 0.837500 0.435937 0.128125 0.031250
0 0.628906 0.289844 0.089063 0.023438
0 0.118750 0.278125 0.237500 0.062500
0 0.478125 0.238281 0.684375 0.039062
0 0.315625 0.220312 0.296875 0.028125
0 0.662500 0.199219 0.334375 0.060937
0 0.436719 0.176563 0.145313 0.028125
0 0.554688 0.185938 0.365625 0.062500
0 0.271875 0.164844 0.209375 0.023438
0 0.081250 0.157812 0.162500 0.012500
0 0.618750 0.134375 0.321875 0.018750
0 0.248438 0.018750 0.496875 0.037500
